# Fix print output for fix def1
0 -0 -0 -0
-0.00100000000000009 -0 -0 -0
-0.00199999999999989 -0 -0 -0
-0.00299999999999998 -0 -0 -0
-0.00400000000000006 -0 -0 -0
-0.00499999999999986 -0 -0 -0
-0.00599999999999995 -0 -0 -0
-0.00700000000000004 -0 -0 -0
-0.00800000000000013 -0 -0 -0
-0.00899999999999993 -0 -0 -0
-0.01 -0 -0 -0
-0.0110000000000001 -0 -0 -0
-0.0119999999999999 -0 -0 -0
-0.013 -0 -0 -0
-0.0140000000000001 -0 -0 -0
-0.0149999999999999 -0 -0 -0
-0.016 -0 -0 -0
-0.0170000000000001 -0 -0 -0
-0.0180000000000001 -0 -0 -0
-0.0189999999999999 -0 -0 -0
-0.02 -0 -0 -0
-0.0210000000000001 -0 -0 -0
-0.0219999999999999 -0 -0 -0
-0.023 -0 -0 -0
-0.0240000000000001 -0 -0 -0
-0.0249999999999999 -0 -0 -0
-0.026 -0 -0 -0
-0.0270000000000001 -0 -0 -0
-0.0279999999999999 -0 -0 -0
-0.029 -0 -0 -0
-0.0300000000000001 -0 -0 -0
-0.0310000000000001 -0 -0 -0
