# DATE: 2021-03-17 UNITS: lj Created by pair_write
# Pair potential hybrid/overlay for atom types 1 1: i,r,energy,force

ankit
N 501 R 0.1 10

1 0.1 3999996000000 479999760090000
2 0.1198 457695761658.43 45846053997027.2
3 0.1396 73018306714.184 6276668590410.92
4 0.1594 14865963518.8536 1119153317127.34
5 0.1792 3647451664.58585 244253121793.518
6 0.199 1037041418.86504 62537182994.0216
7 0.2188 332234345.158353 18222339918.2679
8 0.2386 117472058.67471 5908687948.59364
9 0.2584 45125349.4209078 2095990628.79621
10 0.2782 18602576.4564933 802669902.229918
11 0.298 8150055.57163519 328375357.128644
12 0.3178 3765005.6668386 142306622.618542
13 0.3376 1822163.2242519 64883091.8916391
14 0.3574 918965.77532896 30951514.7132643
15 0.3772 480780.783878715 15379623.632326
16 0.397 259938.295011548 7932818.00805925
17 0.4168 144758.656373046 4237018.54061841
18 0.4366 82801.2108332906 2340077.00136286
19 0.4564 48525.4252503112 1336043.93671438
20 0.4762 29073.2260499137 789332.65122601
21 0.496 17773.1608459347 483645.498752025
22 0.5158 11066.9379483227 308361.269082235
23 0.5356 7008.05925639347 205352.159394035
24 0.5554 4506.62399120222 143302.553093712
25 0.5752 2939.08871124511 104948.246789848
26 0.595 1941.53669669441 80566.1024822347
27 0.6148 1297.61030430617 64570.3553733745
28 0.6346 876.44632926541 53692.2480270594
29 0.6544 597.612463161237 45985.6544233191
30 0.6742 410.926557918131 40273.0738389531
31 0.694 284.638061299462 35831.2200258507
32 0.7138 198.393024967475 32209.4707393065
33 0.7336 138.982037155637 29123.3168641565
34 0.7534 97.7330029218981 26390.864631693
35 0.7732 68.8907080161101 23894.4455398565
36 0.793 48.5967546530486 21557.0882873613
37 0.8128 34.2396496499366 19327.9126324716
38 0.8326 24.0359863201329 17172.9510015575
39 0.8524 16.7576262727701 15069.3140234758
40 0.8722 11.5521644673479 13001.4409703622
41 0.892 7.82363501684687 10958.6649608301
42 0.9118 5.15251569146006 8933.61626065559
43 0.9316 3.24161740646192 6921.16534312864
44 0.9514 1.87918026008505 4917.71698548946
45 0.9712 0.913507355746236 2920.7348004938
46 0.991 0.235399642431842 928.418385155157
47 1.0108 -0.234092964902436 19.4824081896066
48 1.0306 -0.552270166163593 13.0043392859242
49 1.0504 -0.760855462254171 8.31875785656936
50 1.0702 -0.890312637077711 4.94350426233893
51 1.09 -0.962930407102121 2.52775317419792
52 1.1098 -0.995038434381985 0.815281463276192
53 1.1296 -0.998607208354966 -0.38166429408372
54 1.1494 -0.982408457641074 -1.2010604088123
55 1.1692 -0.952860437601208 -1.74454577044285
56 1.189 -0.914646121920544 -2.08713186414392
57 1.2088 -0.871166959789735 -2.28425040248083
58 1.2286 -0.824877037946997 -2.37689070327537
59 1.2484 -0.777529894391357 -2.39535977511963
60 1.2682 -0.730361285155978 -2.36204476501547
61 1.288 -0.684224817944989 -2.29344958397379
62 1.3078 -0.639692782670322 -2.2017012618032
63 1.3276 -0.597131203972699 -2.09566736758761
64 1.3474 -0.55675574708662 -1.98178710039313
65 1.3672 -0.518673367161805 -1.86469085156184
66 1.387 -0.48291332030021 -1.74766299015702
67 1.4068 -0.449450221919928 -1.63298810083062
68 1.4266 -0.418221151594507 -1.52221034026916
69 1.4464 -0.389138296467239 -1.41632786395463
70 1.4662 -0.362098249562081 -1.31593861918558
71 1.486 -0.336988799945932 -1.22134963844003
72 1.5058 -0.313693843394662 -1.13265889380841
73 1.5256 -0.292096886475431 -1.04981649606211
74 1.5454 -0.27208350022302 -0.972670329306187
75 1.5652 -0.253542991887612 -0.90099995024154
76 1.585 -0.236369497207275 -0.834541637562582
77 1.6048 -0.220462645861622 -0.773006769706519
78 1.6246 -0.205727915146096 -0.71609517760252
79 1.6444 -0.192076758453002 -0.663504718654407
80 1.6642 -0.179426573601882 -0.614938015931094
81 1.684 -0.167700559739232 -0.570107077935741
82 1.7038 -0.156827499156745 -0.528736341133118
83 1.7236 -0.14674149100271 -0.490564546008611
84 1.7434 -0.137381656761287 -0.455345757605982
85 1.7632 -0.128691832003329 -0.422849765580166
86 1.783 -0.120620254856577 -0.392862041036098
87 1.8028 -0.113119258588198 -0.365183383450114
88 1.8226 -0.106144973399835 -0.339629357493229
89 1.8424 -0.09965704082261 -0.316029594098914
90 1.8622 -0.0936183428280991 -0.294227010745676
91 1.882 -0.0879947468352125 -0.274076991214051
92 1.9018 -0.0827548671112555 -0.255446553928867
93 1.9216 -0.0778698425763878 -0.238213529571465
94 1.9414 -0.0733131306769474 -0.222265762301425
95 1.9612 -0.0690603167585374 -0.207500344172188
96 1.981 -0.0650889382168066 -0.193822888783839
97 2.0008 -0.0613783226114173 -0.181146847600859
98 2.0206 -0.057909438880748 -0.169392870451809
99 2.0404 -0.0546647607792293 -0.158488210352064
100 2.0602 -0.0516281416666102 -0.148366171819784
101 2.08 -0.0487846998019036 -0.138965601189441
102 2.0998 -0.0461207133290297 -0.130230416990048
103 2.1196 -0.0436235241823314 -0.122109178188144
104 2.1394 -0.0412814501852693 -0.114554687953963
105 2.1592 -0.039083704662598 -0.107523630558812
106 2.179 -0.0370203229336234 -0.100976239026717
107 2.1988 -0.0350820951006663 -0.0948759912241791
108 2.2186 -0.0332605045918517 -0.0891893321635587
109 2.2384 -0.0315476719603055 -0.0838854204072445
110 2.2582 -0.0299363034824717 -0.0789358965829633
111 2.278 -0.0284196441363842 -0.0743146721494332
112 2.2978 -0.0269914345762868 -0.069997736681595
113 2.3176 -0.0256458717529862 -0.0659629820727856
114 2.3374 -0.0243775728598234 -0.0621900421752717
115 2.3572 -0.0231815423122367 -0.0586601465191198
116 2.377 -0.0220531414946995 -0.0553559868615243
117 2.3968 -0.0209880610324705 -0.0522615954239672
118 2.4166 -0.0199822953672314 -0.0493622337727308
119 2.4364 -0.0190321194354599 -0.0466442913893384
120 2.4562 -0.0181340672664147 -0.0440951930616182
121 2.476 -0.0172849123330462 -0.0417033143035214
122 2.4958 -0.0164816495041129 -0.0394579040829209
123 2.5156 0 0
124 2.5354 0 0
125 2.5552 0 0
126 2.575 0 0
127 2.5948 0 0
128 2.6146 0 0
129 2.6344 0 0
130 2.6542 0 0
131 2.674 0 0
132 2.6938 0 0
133 2.7136 0 0
134 2.7334 0 0
135 2.7532 0 0
136 2.773 0 0
137 2.7928 0 0
138 2.8126 0 0
139 2.8324 0 0
140 2.8522 0 0
141 2.872 0 0
142 2.8918 0 0
143 2.9116 0 0
144 2.9314 0 0
145 2.9512 0 0
146 2.971 0 0
147 2.9908 0 0
148 3.0106 0 0
149 3.0304 0 0
150 3.0502 0 0
151 3.07 0 0
152 3.0898 0 0
153 3.1096 0 0
154 3.1294 0 0
155 3.1492 0 0
156 3.169 0 0
157 3.1888 0 0
158 3.2086 0 0
159 3.2284 0 0
160 3.2482 0 0
161 3.268 0 0
162 3.2878 0 0
163 3.3076 0 0
164 3.3274 0 0
165 3.3472 0 0
166 3.367 0 0
167 3.3868 0 0
168 3.4066 0 0
169 3.4264 0 0
170 3.4462 0 0
171 3.466 0 0
172 3.4858 0 0
173 3.5056 0 0
174 3.5254 0 0
175 3.5452 0 0
176 3.565 0 0
177 3.5848 0 0
178 3.6046 0 0
179 3.6244 0 0
180 3.6442 0 0
181 3.664 0 0
182 3.6838 0 0
183 3.7036 0 0
184 3.7234 0 0
185 3.7432 0 0
186 3.763 0 0
187 3.7828 0 0
188 3.8026 0 0
189 3.8224 0 0
190 3.8422 0 0
191 3.862 0 0
192 3.8818 0 0
193 3.9016 0 0
194 3.9214 0 0
195 3.9412 0 0
196 3.961 0 0
197 3.9808 0 0
198 4.0006 0 0
199 4.0204 0 0
200 4.0402 0 0
201 4.06 0 0
202 4.0798 0 0
203 4.0996 0 0
204 4.1194 0 0
205 4.1392 0 0
206 4.159 0 0
207 4.1788 0 0
208 4.1986 0 0
209 4.2184 0 0
210 4.2382 0 0
211 4.258 0 0
212 4.2778 0 0
213 4.2976 0 0
214 4.3174 0 0
215 4.3372 0 0
216 4.357 0 0
217 4.3768 0 0
218 4.3966 0 0
219 4.4164 0 0
220 4.4362 0 0
221 4.456 0 0
222 4.4758 0 0
223 4.4956 0 0
224 4.5154 0 0
225 4.5352 0 0
226 4.555 0 0
227 4.5748 0 0
228 4.5946 0 0
229 4.6144 0 0
230 4.6342 0 0
231 4.654 0 0
232 4.6738 0 0
233 4.6936 0 0
234 4.7134 0 0
235 4.7332 0 0
236 4.753 0 0
237 4.7728 0 0
238 4.7926 0 0
239 4.8124 0 0
240 4.8322 0 0
241 4.852 0 0
242 4.8718 0 0
243 4.8916 0 0
244 4.9114 0 0
245 4.9312 0 0
246 4.951 0 0
247 4.9708 0 0
248 4.9906 0 0
249 5.0104 0 0
250 5.0302 0 0
251 5.05 0 0
252 5.0698 0 0
253 5.0896 0 0
254 5.1094 0 0
255 5.1292 0 0
256 5.149 0 0
257 5.1688 0 0
258 5.1886 0 0
259 5.2084 0 0
260 5.2282 0 0
261 5.248 0 0
262 5.2678 0 0
263 5.2876 0 0
264 5.3074 0 0
265 5.3272 0 0
266 5.347 0 0
267 5.3668 0 0
268 5.3866 0 0
269 5.4064 0 0
270 5.4262 0 0
271 5.446 0 0
272 5.4658 0 0
273 5.4856 0 0
274 5.5054 0 0
275 5.5252 0 0
276 5.545 0 0
277 5.5648 0 0
278 5.5846 0 0
279 5.6044 0 0
280 5.6242 0 0
281 5.644 0 0
282 5.6638 0 0
283 5.6836 0 0
284 5.7034 0 0
285 5.7232 0 0
286 5.743 0 0
287 5.7628 0 0
288 5.7826 0 0
289 5.8024 0 0
290 5.8222 0 0
291 5.842 0 0
292 5.8618 0 0
293 5.8816 0 0
294 5.9014 0 0
295 5.9212 0 0
296 5.941 0 0
297 5.9608 0 0
298 5.9806 0 0
299 6.0004 0 0
300 6.0202 0 0
301 6.04 0 0
302 6.0598 0 0
303 6.0796 0 0
304 6.0994 0 0
305 6.1192 0 0
306 6.139 0 0
307 6.1588 0 0
308 6.1786 0 0
309 6.1984 0 0
310 6.2182 0 0
311 6.238 0 0
312 6.2578 0 0
313 6.2776 0 0
314 6.2974 0 0
315 6.3172 0 0
316 6.337 0 0
317 6.3568 0 0
318 6.3766 0 0
319 6.3964 0 0
320 6.4162 0 0
321 6.436 0 0
322 6.4558 0 0
323 6.4756 0 0
324 6.4954 0 0
325 6.5152 0 0
326 6.535 0 0
327 6.5548 0 0
328 6.5746 0 0
329 6.5944 0 0
330 6.6142 0 0
331 6.634 0 0
332 6.6538 0 0
333 6.6736 0 0
334 6.6934 0 0
335 6.7132 0 0
336 6.733 0 0
337 6.7528 0 0
338 6.7726 0 0
339 6.7924 0 0
340 6.8122 0 0
341 6.832 0 0
342 6.8518 0 0
343 6.8716 0 0
344 6.8914 0 0
345 6.9112 0 0
346 6.931 0 0
347 6.9508 0 0
348 6.9706 0 0
349 6.9904 0 0
350 7.0102 0 0
351 7.03 0 0
352 7.0498 0 0
353 7.0696 0 0
354 7.0894 0 0
355 7.1092 0 0
356 7.129 0 0
357 7.1488 0 0
358 7.1686 0 0
359 7.1884 0 0
360 7.2082 0 0
361 7.228 0 0
362 7.2478 0 0
363 7.2676 0 0
364 7.2874 0 0
365 7.3072 0 0
366 7.327 0 0
367 7.3468 0 0
368 7.3666 0 0
369 7.3864 0 0
370 7.4062 0 0
371 7.426 0 0
372 7.4458 0 0
373 7.4656 0 0
374 7.4854 0 0
375 7.5052 0 0
376 7.525 0 0
377 7.5448 0 0
378 7.5646 0 0
379 7.5844 0 0
380 7.6042 0 0
381 7.624 0 0
382 7.6438 0 0
383 7.6636 0 0
384 7.6834 0 0
385 7.7032 0 0
386 7.723 0 0
387 7.7428 0 0
388 7.7626 0 0
389 7.7824 0 0
390 7.8022 0 0
391 7.822 0 0
392 7.8418 0 0
393 7.8616 0 0
394 7.8814 0 0
395 7.9012 0 0
396 7.921 0 0
397 7.9408 0 0
398 7.9606 0 0
399 7.9804 0 0
400 8.0002 0 0
401 8.02 0 0
402 8.0398 0 0
403 8.0596 0 0
404 8.0794 0 0
405 8.0992 0 0
406 8.119 0 0
407 8.1388 0 0
408 8.1586 0 0
409 8.1784 0 0
410 8.1982 0 0
411 8.218 0 0
412 8.2378 0 0
413 8.2576 0 0
414 8.2774 0 0
415 8.2972 0 0
416 8.317 0 0
417 8.3368 0 0
418 8.3566 0 0
419 8.3764 0 0
420 8.3962 0 0
421 8.416 0 0
422 8.4358 0 0
423 8.4556 0 0
424 8.4754 0 0
425 8.4952 0 0
426 8.515 0 0
427 8.5348 0 0
428 8.5546 0 0
429 8.5744 0 0
430 8.5942 0 0
431 8.614 0 0
432 8.6338 0 0
433 8.6536 0 0
434 8.6734 0 0
435 8.6932 0 0
436 8.713 0 0
437 8.7328 0 0
438 8.7526 0 0
439 8.7724 0 0
440 8.7922 0 0
441 8.812 0 0
442 8.8318 0 0
443 8.8516 0 0
444 8.8714 0 0
445 8.8912 0 0
446 8.911 0 0
447 8.9308 0 0
448 8.9506 0 0
449 8.9704 0 0
450 8.9902 0 0
451 9.01 0 0
452 9.0298 0 0
453 9.0496 0 0
454 9.0694 0 0
455 9.0892 0 0
456 9.109 0 0
457 9.1288 0 0
458 9.1486 0 0
459 9.1684 0 0
460 9.1882 0 0
461 9.208 0 0
462 9.2278 0 0
463 9.2476 0 0
464 9.2674 0 0
465 9.2872 0 0
466 9.307 0 0
467 9.3268 0 0
468 9.3466 0 0
469 9.3664 0 0
470 9.3862 0 0
471 9.406 0 0
472 9.4258 0 0
473 9.4456 0 0
474 9.4654 0 0
475 9.4852 0 0
476 9.505 0 0
477 9.5248 0 0
478 9.5446 0 0
479 9.5644 0 0
480 9.5842 0 0
481 9.604 0 0
482 9.6238 0 0
483 9.6436 0 0
484 9.6634 0 0
485 9.6832 0 0
486 9.703 0 0
487 9.7228 0 0
488 9.7426 0 0
489 9.7624 0 0
490 9.7822 0 0
491 9.802 0 0
492 9.8218 0 0
493 9.8416 0 0
494 9.8614 0 0
495 9.8812 0 0
496 9.901 0 0
497 9.9208 0 0
498 9.9406 0 0
499 9.9604 0 0
500 9.9802 0 0
501 10 0 0
# Pair potential python for atom types 1 1: i,r,energy,force

ankit
N 501 R 0.1 10

1 0.1 3999996000000.01 479999760000000
2 0.1198 457695761658.446 45846053909007.2
3 0.1396 73018306714.2003 6276668504370.92
4 0.1594 14865963518.8699 1119153233067.34
5 0.1792 3647451664.60217 244253039713.518
6 0.199 1037041418.88136 62537102894.0216
7 0.2188 332234345.17467 18222261798.2679
8 0.2386 117472058.691027 5908611808.59364
9 0.2584 45125349.4372247 2095916468.79621
10 0.2782 18602576.4728102 802597722.229918
11 0.298 8150055.58795208 328305157.128644
12 0.3178 3765005.68315549 142238402.618542
13 0.3376 1822163.24056879 64816851.8916391
14 0.3574 918965.791645851 30887254.7132643
15 0.3772 480780.800195606 15317343.632326
16 0.397 259938.311328439 7872518.00805925
17 0.4168 144758.672689937 4178698.54061841
18 0.4366 82801.2271501818 2283737.00136286
19 0.4564 48525.4415672024 1281683.93671438
20 0.4762 29073.2423668049 736952.65122601
21 0.496 17773.1771628258 433245.498752025
22 0.5158 11066.9542652139 259941.269082235
23 0.5356 7008.07557328461 158912.159394035
24 0.5554 4506.64030809336 98842.5530937125
25 0.5752 2939.10502813624 62468.2467898484
26 0.595 1941.55301358555 40066.1024822347
27 0.6148 1297.62662119731 26050.3553733745
28 0.6346 876.462646156546 17152.2480270594
29 0.6544 597.628780052373 11425.6544233191
30 0.6742 410.942874809267 7693.07383895309
31 0.694 284.654378190598 5231.22002585068
32 0.7138 198.409341858611 3589.47073930653
33 0.7336 138.998354046773 2483.31686415653
34 0.7534 97.7493198130341 1730.86463169298
35 0.7732 68.9070249072461 1214.4455398565
36 0.793 48.6130715441846 857.088287361296
37 0.8128 34.2559665410726 607.912632471581
38 0.8326 24.0523032112689 432.951001557466
39 0.8524 16.7739431639061 309.314023475753
40 0.8722 11.5684813584839 221.440970362239
41 0.892 7.83995190798287 158.66496083015
42 0.9118 5.16883258259606 113.616260655601
43 0.9316 3.25793429759792 81.1653431286373
44 0.9514 1.89549715122105 57.7169854894567
45 0.9712 0.929824246882236 40.7348004938069
46 0.991 0.251716533567842 28.4183851551557
47 1.0108 -0.217776073766436 19.4824081896066
48 1.0306 -0.535953275027593 13.0043392859242
49 1.0504 -0.744538571118171 8.31875785656936
50 1.0702 -0.873995745941711 4.94350426233893
51 1.09 -0.946613515966121 2.52775317419792
52 1.1098 -0.978721543245985 0.815281463276192
53 1.1296 -0.982290317218966 -0.38166429408372
54 1.1494 -0.966091566505074 -1.2010604088123
55 1.1692 -0.936543546465208 -1.74454577044285
56 1.189 -0.898329230784544 -2.08713186414392
57 1.2088 -0.854850068653735 -2.28425040248083
58 1.2286 -0.808560146810997 -2.37689070327537
59 1.2484 -0.761213003255357 -2.39535977511963
60 1.2682 -0.714044394019978 -2.36204476501547
61 1.288 -0.667907926808989 -2.29344958397379
62 1.3078 -0.623375891534322 -2.2017012618032
63 1.3276 -0.580814312836699 -2.09566736758761
64 1.3474 -0.54043885595062 -1.98178710039313
65 1.3672 -0.502356476025805 -1.86469085156184
66 1.387 -0.46659642916421 -1.74766299015702
67 1.4068 -0.433133330783928 -1.63298810083062
68 1.4266 -0.401904260458507 -1.52221034026916
69 1.4464 -0.372821405331239 -1.41632786395463
70 1.4662 -0.345781358426081 -1.31593861918558
71 1.486 -0.320671908809932 -1.22134963844003
72 1.5058 -0.297376952258662 -1.13265889380841
73 1.5256 -0.275779995339431 -1.04981649606211
74 1.5454 -0.25576660908702 -0.972670329306187
75 1.5652 -0.237226100751612 -0.90099995024154
76 1.585 -0.220052606071275 -0.834541637562582
77 1.6048 -0.204145754725622 -0.773006769706519
78 1.6246 -0.189411024010096 -0.71609517760252
79 1.6444 -0.175759867317002 -0.663504718654407
80 1.6642 -0.163109682465882 -0.614938015931094
81 1.684 -0.151383668603232 -0.570107077935741
82 1.7038 -0.140510608020745 -0.528736341133118
83 1.7236 -0.13042459986671 -0.490564546008611
84 1.7434 -0.121064765625287 -0.455345757605982
85 1.7632 -0.112374940867329 -0.422849765580166
86 1.783 -0.104303363720577 -0.392862041036098
87 1.8028 -0.0968023674521978 -0.365183383450114
88 1.8226 -0.0898280822638352 -0.339629357493229
89 1.8424 -0.08334014968661 -0.316029594098914
90 1.8622 -0.0773014516920991 -0.294227010745676
91 1.882 -0.0716778556992125 -0.274076991214051
92 1.9018 -0.0664379759752555 -0.255446553928867
93 1.9216 -0.0615529514403878 -0.238213529571465
94 1.9414 -0.0569962395409474 -0.222265762301425
95 1.9612 -0.0527434256225374 -0.207500344172188
96 1.981 -0.0487720470808066 -0.193822888783839
97 2.0008 -0.0450614314754173 -0.181146847600859
98 2.0206 -0.041592547744748 -0.169392870451809
99 2.0404 -0.0383478696432293 -0.158488210352064
100 2.0602 -0.0353112505306102 -0.148366171819784
101 2.08 -0.0324678086659036 -0.138965601189441
102 2.0998 -0.0298038221930297 -0.130230416990048
103 2.1196 -0.0273066330463314 -0.122109178188144
104 2.1394 -0.0249645590492693 -0.114554687953963
105 2.1592 -0.022766813526598 -0.107523630558812
106 2.179 -0.0207034317976234 -0.100976239026717
107 2.1988 -0.0187652039646663 -0.0948759912241791
108 2.2186 -0.0169436134558517 -0.0891893321635587
109 2.2384 -0.0152307808243055 -0.0838854204072445
110 2.2582 -0.0136194123464717 -0.0789358965829633
111 2.278 -0.0121027530003842 -0.0743146721494332
112 2.2978 -0.0106745434402867 -0.069997736681595
113 2.3176 -0.00932898061698617 -0.0659629820727856
114 2.3374 -0.00806068172382339 -0.0621900421752717
115 2.3572 -0.00686465117623667 -0.0586601465191198
116 2.377 -0.00573625035869953 -0.0553559868615243
117 2.3968 -0.00467116989647045 -0.0522615954239672
118 2.4166 -0.00366540423123137 -0.0493622337727308
119 2.4364 -0.00271522829945993 -0.0466442913893384
120 2.4562 -0.00181717613041471 -0.0440951930616182
121 2.476 -0.000968021197046226 -0.0417033143035214
122 2.4958 -0.000164758368112881 -0.0394579040829209
123 2.5156 0 0
124 2.5354 0 0
125 2.5552 0 0
126 2.575 0 0
127 2.5948 0 0
128 2.6146 0 0
129 2.6344 0 0
130 2.6542 0 0
131 2.674 0 0
132 2.6938 0 0
133 2.7136 0 0
134 2.7334 0 0
135 2.7532 0 0
136 2.773 0 0
137 2.7928 0 0
138 2.8126 0 0
139 2.8324 0 0
140 2.8522 0 0
141 2.872 0 0
142 2.8918 0 0
143 2.9116 0 0
144 2.9314 0 0
145 2.9512 0 0
146 2.971 0 0
147 2.9908 0 0
148 3.0106 0 0
149 3.0304 0 0
150 3.0502 0 0
151 3.07 0 0
152 3.0898 0 0
153 3.1096 0 0
154 3.1294 0 0
155 3.1492 0 0
156 3.169 0 0
157 3.1888 0 0
158 3.2086 0 0
159 3.2284 0 0
160 3.2482 0 0
161 3.268 0 0
162 3.2878 0 0
163 3.3076 0 0
164 3.3274 0 0
165 3.3472 0 0
166 3.367 0 0
167 3.3868 0 0
168 3.4066 0 0
169 3.4264 0 0
170 3.4462 0 0
171 3.466 0 0
172 3.4858 0 0
173 3.5056 0 0
174 3.5254 0 0
175 3.5452 0 0
176 3.565 0 0
177 3.5848 0 0
178 3.6046 0 0
179 3.6244 0 0
180 3.6442 0 0
181 3.664 0 0
182 3.6838 0 0
183 3.7036 0 0
184 3.7234 0 0
185 3.7432 0 0
186 3.763 0 0
187 3.7828 0 0
188 3.8026 0 0
189 3.8224 0 0
190 3.8422 0 0
191 3.862 0 0
192 3.8818 0 0
193 3.9016 0 0
194 3.9214 0 0
195 3.9412 0 0
196 3.961 0 0
197 3.9808 0 0
198 4.0006 0 0
199 4.0204 0 0
200 4.0402 0 0
201 4.06 0 0
202 4.0798 0 0
203 4.0996 0 0
204 4.1194 0 0
205 4.1392 0 0
206 4.159 0 0
207 4.1788 0 0
208 4.1986 0 0
209 4.2184 0 0
210 4.2382 0 0
211 4.258 0 0
212 4.2778 0 0
213 4.2976 0 0
214 4.3174 0 0
215 4.3372 0 0
216 4.357 0 0
217 4.3768 0 0
218 4.3966 0 0
219 4.4164 0 0
220 4.4362 0 0
221 4.456 0 0
222 4.4758 0 0
223 4.4956 0 0
224 4.5154 0 0
225 4.5352 0 0
226 4.555 0 0
227 4.5748 0 0
228 4.5946 0 0
229 4.6144 0 0
230 4.6342 0 0
231 4.654 0 0
232 4.6738 0 0
233 4.6936 0 0
234 4.7134 0 0
235 4.7332 0 0
236 4.753 0 0
237 4.7728 0 0
238 4.7926 0 0
239 4.8124 0 0
240 4.8322 0 0
241 4.852 0 0
242 4.8718 0 0
243 4.8916 0 0
244 4.9114 0 0
245 4.9312 0 0
246 4.951 0 0
247 4.9708 0 0
248 4.9906 0 0
249 5.0104 0 0
250 5.0302 0 0
251 5.05 0 0
252 5.0698 0 0
253 5.0896 0 0
254 5.1094 0 0
255 5.1292 0 0
256 5.149 0 0
257 5.1688 0 0
258 5.1886 0 0
259 5.2084 0 0
260 5.2282 0 0
261 5.248 0 0
262 5.2678 0 0
263 5.2876 0 0
264 5.3074 0 0
265 5.3272 0 0
266 5.347 0 0
267 5.3668 0 0
268 5.3866 0 0
269 5.4064 0 0
270 5.4262 0 0
271 5.446 0 0
272 5.4658 0 0
273 5.4856 0 0
274 5.5054 0 0
275 5.5252 0 0
276 5.545 0 0
277 5.5648 0 0
278 5.5846 0 0
279 5.6044 0 0
280 5.6242 0 0
281 5.644 0 0
282 5.6638 0 0
283 5.6836 0 0
284 5.7034 0 0
285 5.7232 0 0
286 5.743 0 0
287 5.7628 0 0
288 5.7826 0 0
289 5.8024 0 0
290 5.8222 0 0
291 5.842 0 0
292 5.8618 0 0
293 5.8816 0 0
294 5.9014 0 0
295 5.9212 0 0
296 5.941 0 0
297 5.9608 0 0
298 5.9806 0 0
299 6.0004 0 0
300 6.0202 0 0
301 6.04 0 0
302 6.0598 0 0
303 6.0796 0 0
304 6.0994 0 0
305 6.1192 0 0
306 6.139 0 0
307 6.1588 0 0
308 6.1786 0 0
309 6.1984 0 0
310 6.2182 0 0
311 6.238 0 0
312 6.2578 0 0
313 6.2776 0 0
314 6.2974 0 0
315 6.3172 0 0
316 6.337 0 0
317 6.3568 0 0
318 6.3766 0 0
319 6.3964 0 0
320 6.4162 0 0
321 6.436 0 0
322 6.4558 0 0
323 6.4756 0 0
324 6.4954 0 0
325 6.5152 0 0
326 6.535 0 0
327 6.5548 0 0
328 6.5746 0 0
329 6.5944 0 0
330 6.6142 0 0
331 6.634 0 0
332 6.6538 0 0
333 6.6736 0 0
334 6.6934 0 0
335 6.7132 0 0
336 6.733 0 0
337 6.7528 0 0
338 6.7726 0 0
339 6.7924 0 0
340 6.8122 0 0
341 6.832 0 0
342 6.8518 0 0
343 6.8716 0 0
344 6.8914 0 0
345 6.9112 0 0
346 6.931 0 0
347 6.9508 0 0
348 6.9706 0 0
349 6.9904 0 0
350 7.0102 0 0
351 7.03 0 0
352 7.0498 0 0
353 7.0696 0 0
354 7.0894 0 0
355 7.1092 0 0
356 7.129 0 0
357 7.1488 0 0
358 7.1686 0 0
359 7.1884 0 0
360 7.2082 0 0
361 7.228 0 0
362 7.2478 0 0
363 7.2676 0 0
364 7.2874 0 0
365 7.3072 0 0
366 7.327 0 0
367 7.3468 0 0
368 7.3666 0 0
369 7.3864 0 0
370 7.4062 0 0
371 7.426 0 0
372 7.4458 0 0
373 7.4656 0 0
374 7.4854 0 0
375 7.5052 0 0
376 7.525 0 0
377 7.5448 0 0
378 7.5646 0 0
379 7.5844 0 0
380 7.6042 0 0
381 7.624 0 0
382 7.6438 0 0
383 7.6636 0 0
384 7.6834 0 0
385 7.7032 0 0
386 7.723 0 0
387 7.7428 0 0
388 7.7626 0 0
389 7.7824 0 0
390 7.8022 0 0
391 7.822 0 0
392 7.8418 0 0
393 7.8616 0 0
394 7.8814 0 0
395 7.9012 0 0
396 7.921 0 0
397 7.9408 0 0
398 7.9606 0 0
399 7.9804 0 0
400 8.0002 0 0
401 8.02 0 0
402 8.0398 0 0
403 8.0596 0 0
404 8.0794 0 0
405 8.0992 0 0
406 8.119 0 0
407 8.1388 0 0
408 8.1586 0 0
409 8.1784 0 0
410 8.1982 0 0
411 8.218 0 0
412 8.2378 0 0
413 8.2576 0 0
414 8.2774 0 0
415 8.2972 0 0
416 8.317 0 0
417 8.3368 0 0
418 8.3566 0 0
419 8.3764 0 0
420 8.3962 0 0
421 8.416 0 0
422 8.4358 0 0
423 8.4556 0 0
424 8.4754 0 0
425 8.4952 0 0
426 8.515 0 0
427 8.5348 0 0
428 8.5546 0 0
429 8.5744 0 0
430 8.5942 0 0
431 8.614 0 0
432 8.6338 0 0
433 8.6536 0 0
434 8.6734 0 0
435 8.6932 0 0
436 8.713 0 0
437 8.7328 0 0
438 8.7526 0 0
439 8.7724 0 0
440 8.7922 0 0
441 8.812 0 0
442 8.8318 0 0
443 8.8516 0 0
444 8.8714 0 0
445 8.8912 0 0
446 8.911 0 0
447 8.9308 0 0
448 8.9506 0 0
449 8.9704 0 0
450 8.9902 0 0
451 9.01 0 0
452 9.0298 0 0
453 9.0496 0 0
454 9.0694 0 0
455 9.0892 0 0
456 9.109 0 0
457 9.1288 0 0
458 9.1486 0 0
459 9.1684 0 0
460 9.1882 0 0
461 9.208 0 0
462 9.2278 0 0
463 9.2476 0 0
464 9.2674 0 0
465 9.2872 0 0
466 9.307 0 0
467 9.3268 0 0
468 9.3466 0 0
469 9.3664 0 0
470 9.3862 0 0
471 9.406 0 0
472 9.4258 0 0
473 9.4456 0 0
474 9.4654 0 0
475 9.4852 0 0
476 9.505 0 0
477 9.5248 0 0
478 9.5446 0 0
479 9.5644 0 0
480 9.5842 0 0
481 9.604 0 0
482 9.6238 0 0
483 9.6436 0 0
484 9.6634 0 0
485 9.6832 0 0
486 9.703 0 0
487 9.7228 0 0
488 9.7426 0 0
489 9.7624 0 0
490 9.7822 0 0
491 9.802 0 0
492 9.8218 0 0
493 9.8416 0 0
494 9.8614 0 0
495 9.8812 0 0
496 9.901 0 0
497 9.9208 0 0
498 9.9406 0 0
499 9.9604 0 0
500 9.9802 0 0
501 10 0 0
# Pair potential python for atom types 1 1: i,r,energy,force

ankit
N 501 R 0.1 10

1 0.1 3999996000000.01 479999760000000
2 0.1198 457695761658.446 45846053909007.2
3 0.1396 73018306714.2003 6276668504370.92
4 0.1594 14865963518.8699 1119153233067.34
5 0.1792 3647451664.60217 244253039713.518
6 0.199 1037041418.88136 62537102894.0216
7 0.2188 332234345.17467 18222261798.2679
8 0.2386 117472058.691027 5908611808.59364
9 0.2584 45125349.4372247 2095916468.79621
10 0.2782 18602576.4728102 802597722.229918
11 0.298 8150055.58795208 328305157.128644
12 0.3178 3765005.68315549 142238402.618542
13 0.3376 1822163.24056879 64816851.8916391
14 0.3574 918965.791645851 30887254.7132643
15 0.3772 480780.800195606 15317343.632326
16 0.397 259938.311328439 7872518.00805925
17 0.4168 144758.672689937 4178698.54061841
18 0.4366 82801.2271501818 2283737.00136286
19 0.4564 48525.4415672024 1281683.93671438
20 0.4762 29073.2423668049 736952.65122601
21 0.496 17773.1771628258 433245.498752025
22 0.5158 11066.9542652139 259941.269082235
23 0.5356 7008.07557328461 158912.159394035
24 0.5554 4506.64030809336 98842.5530937125
25 0.5752 2939.10502813624 62468.2467898484
26 0.595 1941.55301358555 40066.1024822347
27 0.6148 1297.62662119731 26050.3553733745
28 0.6346 876.462646156546 17152.2480270594
29 0.6544 597.628780052373 11425.6544233191
30 0.6742 410.942874809267 7693.07383895309
31 0.694 284.654378190598 5231.22002585068
32 0.7138 198.409341858611 3589.47073930653
33 0.7336 138.998354046773 2483.31686415653
34 0.7534 97.7493198130341 1730.86463169298
35 0.7732 68.9070249072461 1214.4455398565
36 0.793 48.6130715441846 857.088287361296
37 0.8128 34.2559665410726 607.912632471581
38 0.8326 24.0523032112689 432.951001557466
39 0.8524 16.7739431639061 309.314023475753
40 0.8722 11.5684813584839 221.440970362239
41 0.892 7.83995190798287 158.66496083015
42 0.9118 5.16883258259606 113.616260655601
43 0.9316 3.25793429759792 81.1653431286373
44 0.9514 1.89549715122105 57.7169854894567
45 0.9712 0.929824246882236 40.7348004938069
46 0.991 0.251716533567842 28.4183851551557
47 1.0108 -0.217776073766436 19.4824081896066
48 1.0306 -0.535953275027593 13.0043392859242
49 1.0504 -0.744538571118171 8.31875785656936
50 1.0702 -0.873995745941711 4.94350426233893
51 1.09 -0.946613515966121 2.52775317419792
52 1.1098 -0.978721543245985 0.815281463276192
53 1.1296 -0.982290317218966 -0.38166429408372
54 1.1494 -0.966091566505074 -1.2010604088123
55 1.1692 -0.936543546465208 -1.74454577044285
56 1.189 -0.898329230784544 -2.08713186414392
57 1.2088 -0.854850068653735 -2.28425040248083
58 1.2286 -0.808560146810997 -2.37689070327537
59 1.2484 -0.761213003255357 -2.39535977511963
60 1.2682 -0.714044394019978 -2.36204476501547
61 1.288 -0.667907926808989 -2.29344958397379
62 1.3078 -0.623375891534322 -2.2017012618032
63 1.3276 -0.580814312836699 -2.09566736758761
64 1.3474 -0.54043885595062 -1.98178710039313
65 1.3672 -0.502356476025805 -1.86469085156184
66 1.387 -0.46659642916421 -1.74766299015702
67 1.4068 -0.433133330783928 -1.63298810083062
68 1.4266 -0.401904260458507 -1.52221034026916
69 1.4464 -0.372821405331239 -1.41632786395463
70 1.4662 -0.345781358426081 -1.31593861918558
71 1.486 -0.320671908809932 -1.22134963844003
72 1.5058 -0.297376952258662 -1.13265889380841
73 1.5256 -0.275779995339431 -1.04981649606211
74 1.5454 -0.25576660908702 -0.972670329306187
75 1.5652 -0.237226100751612 -0.90099995024154
76 1.585 -0.220052606071275 -0.834541637562582
77 1.6048 -0.204145754725622 -0.773006769706519
78 1.6246 -0.189411024010096 -0.71609517760252
79 1.6444 -0.175759867317002 -0.663504718654407
80 1.6642 -0.163109682465882 -0.614938015931094
81 1.684 -0.151383668603232 -0.570107077935741
82 1.7038 -0.140510608020745 -0.528736341133118
83 1.7236 -0.13042459986671 -0.490564546008611
84 1.7434 -0.121064765625287 -0.455345757605982
85 1.7632 -0.112374940867329 -0.422849765580166
86 1.783 -0.104303363720577 -0.392862041036098
87 1.8028 -0.0968023674521978 -0.365183383450114
88 1.8226 -0.0898280822638352 -0.339629357493229
89 1.8424 -0.08334014968661 -0.316029594098914
90 1.8622 -0.0773014516920991 -0.294227010745676
91 1.882 -0.0716778556992125 -0.274076991214051
92 1.9018 -0.0664379759752555 -0.255446553928867
93 1.9216 -0.0615529514403878 -0.238213529571465
94 1.9414 -0.0569962395409474 -0.222265762301425
95 1.9612 -0.0527434256225374 -0.207500344172188
96 1.981 -0.0487720470808066 -0.193822888783839
97 2.0008 -0.0450614314754173 -0.181146847600859
98 2.0206 -0.041592547744748 -0.169392870451809
99 2.0404 -0.0383478696432293 -0.158488210352064
100 2.0602 -0.0353112505306102 -0.148366171819784
101 2.08 -0.0324678086659036 -0.138965601189441
102 2.0998 -0.0298038221930297 -0.130230416990048
103 2.1196 -0.0273066330463314 -0.122109178188144
104 2.1394 -0.0249645590492693 -0.114554687953963
105 2.1592 -0.022766813526598 -0.107523630558812
106 2.179 -0.0207034317976234 -0.100976239026717
107 2.1988 -0.0187652039646663 -0.0948759912241791
108 2.2186 -0.0169436134558517 -0.0891893321635587
109 2.2384 -0.0152307808243055 -0.0838854204072445
110 2.2582 -0.0136194123464717 -0.0789358965829633
111 2.278 -0.0121027530003842 -0.0743146721494332
112 2.2978 -0.0106745434402867 -0.069997736681595
113 2.3176 -0.00932898061698617 -0.0659629820727856
114 2.3374 -0.00806068172382339 -0.0621900421752717
115 2.3572 -0.00686465117623667 -0.0586601465191198
116 2.377 -0.00573625035869953 -0.0553559868615243
117 2.3968 -0.00467116989647045 -0.0522615954239672
118 2.4166 -0.00366540423123137 -0.0493622337727308
119 2.4364 -0.00271522829945993 -0.0466442913893384
120 2.4562 -0.00181717613041471 -0.0440951930616182
121 2.476 -0.000968021197046226 -0.0417033143035214
122 2.4958 -0.000164758368112881 -0.0394579040829209
123 2.5156 0 0
124 2.5354 0 0
125 2.5552 0 0
126 2.575 0 0
127 2.5948 0 0
128 2.6146 0 0
129 2.6344 0 0
130 2.6542 0 0
131 2.674 0 0
132 2.6938 0 0
133 2.7136 0 0
134 2.7334 0 0
135 2.7532 0 0
136 2.773 0 0
137 2.7928 0 0
138 2.8126 0 0
139 2.8324 0 0
140 2.8522 0 0
141 2.872 0 0
142 2.8918 0 0
143 2.9116 0 0
144 2.9314 0 0
145 2.9512 0 0
146 2.971 0 0
147 2.9908 0 0
148 3.0106 0 0
149 3.0304 0 0
150 3.0502 0 0
151 3.07 0 0
152 3.0898 0 0
153 3.1096 0 0
154 3.1294 0 0
155 3.1492 0 0
156 3.169 0 0
157 3.1888 0 0
158 3.2086 0 0
159 3.2284 0 0
160 3.2482 0 0
161 3.268 0 0
162 3.2878 0 0
163 3.3076 0 0
164 3.3274 0 0
165 3.3472 0 0
166 3.367 0 0
167 3.3868 0 0
168 3.4066 0 0
169 3.4264 0 0
170 3.4462 0 0
171 3.466 0 0
172 3.4858 0 0
173 3.5056 0 0
174 3.5254 0 0
175 3.5452 0 0
176 3.565 0 0
177 3.5848 0 0
178 3.6046 0 0
179 3.6244 0 0
180 3.6442 0 0
181 3.664 0 0
182 3.6838 0 0
183 3.7036 0 0
184 3.7234 0 0
185 3.7432 0 0
186 3.763 0 0
187 3.7828 0 0
188 3.8026 0 0
189 3.8224 0 0
190 3.8422 0 0
191 3.862 0 0
192 3.8818 0 0
193 3.9016 0 0
194 3.9214 0 0
195 3.9412 0 0
196 3.961 0 0
197 3.9808 0 0
198 4.0006 0 0
199 4.0204 0 0
200 4.0402 0 0
201 4.06 0 0
202 4.0798 0 0
203 4.0996 0 0
204 4.1194 0 0
205 4.1392 0 0
206 4.159 0 0
207 4.1788 0 0
208 4.1986 0 0
209 4.2184 0 0
210 4.2382 0 0
211 4.258 0 0
212 4.2778 0 0
213 4.2976 0 0
214 4.3174 0 0
215 4.3372 0 0
216 4.357 0 0
217 4.3768 0 0
218 4.3966 0 0
219 4.4164 0 0
220 4.4362 0 0
221 4.456 0 0
222 4.4758 0 0
223 4.4956 0 0
224 4.5154 0 0
225 4.5352 0 0
226 4.555 0 0
227 4.5748 0 0
228 4.5946 0 0
229 4.6144 0 0
230 4.6342 0 0
231 4.654 0 0
232 4.6738 0 0
233 4.6936 0 0
234 4.7134 0 0
235 4.7332 0 0
236 4.753 0 0
237 4.7728 0 0
238 4.7926 0 0
239 4.8124 0 0
240 4.8322 0 0
241 4.852 0 0
242 4.8718 0 0
243 4.8916 0 0
244 4.9114 0 0
245 4.9312 0 0
246 4.951 0 0
247 4.9708 0 0
248 4.9906 0 0
249 5.0104 0 0
250 5.0302 0 0
251 5.05 0 0
252 5.0698 0 0
253 5.0896 0 0
254 5.1094 0 0
255 5.1292 0 0
256 5.149 0 0
257 5.1688 0 0
258 5.1886 0 0
259 5.2084 0 0
260 5.2282 0 0
261 5.248 0 0
262 5.2678 0 0
263 5.2876 0 0
264 5.3074 0 0
265 5.3272 0 0
266 5.347 0 0
267 5.3668 0 0
268 5.3866 0 0
269 5.4064 0 0
270 5.4262 0 0
271 5.446 0 0
272 5.4658 0 0
273 5.4856 0 0
274 5.5054 0 0
275 5.5252 0 0
276 5.545 0 0
277 5.5648 0 0
278 5.5846 0 0
279 5.6044 0 0
280 5.6242 0 0
281 5.644 0 0
282 5.6638 0 0
283 5.6836 0 0
284 5.7034 0 0
285 5.7232 0 0
286 5.743 0 0
287 5.7628 0 0
288 5.7826 0 0
289 5.8024 0 0
290 5.8222 0 0
291 5.842 0 0
292 5.8618 0 0
293 5.8816 0 0
294 5.9014 0 0
295 5.9212 0 0
296 5.941 0 0
297 5.9608 0 0
298 5.9806 0 0
299 6.0004 0 0
300 6.0202 0 0
301 6.04 0 0
302 6.0598 0 0
303 6.0796 0 0
304 6.0994 0 0
305 6.1192 0 0
306 6.139 0 0
307 6.1588 0 0
308 6.1786 0 0
309 6.1984 0 0
310 6.2182 0 0
311 6.238 0 0
312 6.2578 0 0
313 6.2776 0 0
314 6.2974 0 0
315 6.3172 0 0
316 6.337 0 0
317 6.3568 0 0
318 6.3766 0 0
319 6.3964 0 0
320 6.4162 0 0
321 6.436 0 0
322 6.4558 0 0
323 6.4756 0 0
324 6.4954 0 0
325 6.5152 0 0
326 6.535 0 0
327 6.5548 0 0
328 6.5746 0 0
329 6.5944 0 0
330 6.6142 0 0
331 6.634 0 0
332 6.6538 0 0
333 6.6736 0 0
334 6.6934 0 0
335 6.7132 0 0
336 6.733 0 0
337 6.7528 0 0
338 6.7726 0 0
339 6.7924 0 0
340 6.8122 0 0
341 6.832 0 0
342 6.8518 0 0
343 6.8716 0 0
344 6.8914 0 0
345 6.9112 0 0
346 6.931 0 0
347 6.9508 0 0
348 6.9706 0 0
349 6.9904 0 0
350 7.0102 0 0
351 7.03 0 0
352 7.0498 0 0
353 7.0696 0 0
354 7.0894 0 0
355 7.1092 0 0
356 7.129 0 0
357 7.1488 0 0
358 7.1686 0 0
359 7.1884 0 0
360 7.2082 0 0
361 7.228 0 0
362 7.2478 0 0
363 7.2676 0 0
364 7.2874 0 0
365 7.3072 0 0
366 7.327 0 0
367 7.3468 0 0
368 7.3666 0 0
369 7.3864 0 0
370 7.4062 0 0
371 7.426 0 0
372 7.4458 0 0
373 7.4656 0 0
374 7.4854 0 0
375 7.5052 0 0
376 7.525 0 0
377 7.5448 0 0
378 7.5646 0 0
379 7.5844 0 0
380 7.6042 0 0
381 7.624 0 0
382 7.6438 0 0
383 7.6636 0 0
384 7.6834 0 0
385 7.7032 0 0
386 7.723 0 0
387 7.7428 0 0
388 7.7626 0 0
389 7.7824 0 0
390 7.8022 0 0
391 7.822 0 0
392 7.8418 0 0
393 7.8616 0 0
394 7.8814 0 0
395 7.9012 0 0
396 7.921 0 0
397 7.9408 0 0
398 7.9606 0 0
399 7.9804 0 0
400 8.0002 0 0
401 8.02 0 0
402 8.0398 0 0
403 8.0596 0 0
404 8.0794 0 0
405 8.0992 0 0
406 8.119 0 0
407 8.1388 0 0
408 8.1586 0 0
409 8.1784 0 0
410 8.1982 0 0
411 8.218 0 0
412 8.2378 0 0
413 8.2576 0 0
414 8.2774 0 0
415 8.2972 0 0
416 8.317 0 0
417 8.3368 0 0
418 8.3566 0 0
419 8.3764 0 0
420 8.3962 0 0
421 8.416 0 0
422 8.4358 0 0
423 8.4556 0 0
424 8.4754 0 0
425 8.4952 0 0
426 8.515 0 0
427 8.5348 0 0
428 8.5546 0 0
429 8.5744 0 0
430 8.5942 0 0
431 8.614 0 0
432 8.6338 0 0
433 8.6536 0 0
434 8.6734 0 0
435 8.6932 0 0
436 8.713 0 0
437 8.7328 0 0
438 8.7526 0 0
439 8.7724 0 0
440 8.7922 0 0
441 8.812 0 0
442 8.8318 0 0
443 8.8516 0 0
444 8.8714 0 0
445 8.8912 0 0
446 8.911 0 0
447 8.9308 0 0
448 8.9506 0 0
449 8.9704 0 0
450 8.9902 0 0
451 9.01 0 0
452 9.0298 0 0
453 9.0496 0 0
454 9.0694 0 0
455 9.0892 0 0
456 9.109 0 0
457 9.1288 0 0
458 9.1486 0 0
459 9.1684 0 0
460 9.1882 0 0
461 9.208 0 0
462 9.2278 0 0
463 9.2476 0 0
464 9.2674 0 0
465 9.2872 0 0
466 9.307 0 0
467 9.3268 0 0
468 9.3466 0 0
469 9.3664 0 0
470 9.3862 0 0
471 9.406 0 0
472 9.4258 0 0
473 9.4456 0 0
474 9.4654 0 0
475 9.4852 0 0
476 9.505 0 0
477 9.5248 0 0
478 9.5446 0 0
479 9.5644 0 0
480 9.5842 0 0
481 9.604 0 0
482 9.6238 0 0
483 9.6436 0 0
484 9.6634 0 0
485 9.6832 0 0
486 9.703 0 0
487 9.7228 0 0
488 9.7426 0 0
489 9.7624 0 0
490 9.7822 0 0
491 9.802 0 0
492 9.8218 0 0
493 9.8416 0 0
494 9.8614 0 0
495 9.8812 0 0
496 9.901 0 0
497 9.9208 0 0
498 9.9406 0 0
499 9.9604 0 0
500 9.9802 0 0
501 10 0 0
# Pair potential lj/cut for atom types 1 1: i,r,energy,force

ankit
N 501 R 0.1 10

1 0.1 3999996000000 479999760000000
2 0.1198 457695761658.43 45846053909007.2
3 0.1396 73018306714.184 6276668504370.92
4 0.1594 14865963518.8536 1119153233067.34
5 0.1792 3647451664.58585 244253039713.518
6 0.199 1037041418.86504 62537102894.0216
7 0.2188 332234345.158353 18222261798.2679
8 0.2386 117472058.67471 5908611808.59364
9 0.2584 45125349.4209078 2095916468.79621
10 0.2782 18602576.4564933 802597722.229918
11 0.298 8150055.57163519 328305157.128644
12 0.3178 3765005.6668386 142238402.618542
13 0.3376 1822163.2242519 64816851.8916391
14 0.3574 918965.77532896 30887254.7132643
15 0.3772 480780.783878715 15317343.632326
16 0.397 259938.295011548 7872518.00805925
17 0.4168 144758.656373046 4178698.54061841
18 0.4366 82801.2108332906 2283737.00136286
19 0.4564 48525.4252503112 1281683.93671438
20 0.4762 29073.2260499137 736952.65122601
21 0.496 17773.1608459347 433245.498752025
22 0.5158 11066.9379483227 259941.269082235
23 0.5356 7008.05925639347 158912.159394035
24 0.5554 4506.62399120222 98842.5530937125
25 0.5752 2939.08871124511 62468.2467898484
26 0.595 1941.53669669441 40066.1024822347
27 0.6148 1297.61030430617 26050.3553733745
28 0.6346 876.44632926541 17152.2480270594
29 0.6544 597.612463161237 11425.6544233191
30 0.6742 410.926557918131 7693.07383895309
31 0.694 284.638061299462 5231.22002585068
32 0.7138 198.393024967475 3589.47073930653
33 0.7336 138.982037155637 2483.31686415653
34 0.7534 97.7330029218981 1730.86463169298
35 0.7732 68.8907080161101 1214.4455398565
36 0.793 48.5967546530486 857.088287361296
37 0.8128 34.2396496499366 607.912632471581
38 0.8326 24.0359863201329 432.951001557466
39 0.8524 16.7576262727701 309.314023475753
40 0.8722 11.5521644673479 221.440970362239
41 0.892 7.82363501684687 158.66496083015
42 0.9118 5.15251569146006 113.616260655601
43 0.9316 3.24161740646192 81.1653431286373
44 0.9514 1.87918026008505 57.7169854894567
45 0.9712 0.913507355746236 40.7348004938069
46 0.991 0.235399642431842 28.4183851551557
47 1.0108 0 0
48 1.0306 0 0
49 1.0504 0 0
50 1.0702 0 0
51 1.09 0 0
52 1.1098 0 0
53 1.1296 0 0
54 1.1494 0 0
55 1.1692 0 0
56 1.189 0 0
57 1.2088 0 0
58 1.2286 0 0
59 1.2484 0 0
60 1.2682 0 0
61 1.288 0 0
62 1.3078 0 0
63 1.3276 0 0
64 1.3474 0 0
65 1.3672 0 0
66 1.387 0 0
67 1.4068 0 0
68 1.4266 0 0
69 1.4464 0 0
70 1.4662 0 0
71 1.486 0 0
72 1.5058 0 0
73 1.5256 0 0
74 1.5454 0 0
75 1.5652 0 0
76 1.585 0 0
77 1.6048 0 0
78 1.6246 0 0
79 1.6444 0 0
80 1.6642 0 0
81 1.684 0 0
82 1.7038 0 0
83 1.7236 0 0
84 1.7434 0 0
85 1.7632 0 0
86 1.783 0 0
87 1.8028 0 0
88 1.8226 0 0
89 1.8424 0 0
90 1.8622 0 0
91 1.882 0 0
92 1.9018 0 0
93 1.9216 0 0
94 1.9414 0 0
95 1.9612 0 0
96 1.981 0 0
97 2.0008 0 0
98 2.0206 0 0
99 2.0404 0 0
100 2.0602 0 0
101 2.08 0 0
102 2.0998 0 0
103 2.1196 0 0
104 2.1394 0 0
105 2.1592 0 0
106 2.179 0 0
107 2.1988 0 0
108 2.2186 0 0
109 2.2384 0 0
110 2.2582 0 0
111 2.278 0 0
112 2.2978 0 0
113 2.3176 0 0
114 2.3374 0 0
115 2.3572 0 0
116 2.377 0 0
117 2.3968 0 0
118 2.4166 0 0
119 2.4364 0 0
120 2.4562 0 0
121 2.476 0 0
122 2.4958 0 0
123 2.5156 0 0
124 2.5354 0 0
125 2.5552 0 0
126 2.575 0 0
127 2.5948 0 0
128 2.6146 0 0
129 2.6344 0 0
130 2.6542 0 0
131 2.674 0 0
132 2.6938 0 0
133 2.7136 0 0
134 2.7334 0 0
135 2.7532 0 0
136 2.773 0 0
137 2.7928 0 0
138 2.8126 0 0
139 2.8324 0 0
140 2.8522 0 0
141 2.872 0 0
142 2.8918 0 0
143 2.9116 0 0
144 2.9314 0 0
145 2.9512 0 0
146 2.971 0 0
147 2.9908 0 0
148 3.0106 0 0
149 3.0304 0 0
150 3.0502 0 0
151 3.07 0 0
152 3.0898 0 0
153 3.1096 0 0
154 3.1294 0 0
155 3.1492 0 0
156 3.169 0 0
157 3.1888 0 0
158 3.2086 0 0
159 3.2284 0 0
160 3.2482 0 0
161 3.268 0 0
162 3.2878 0 0
163 3.3076 0 0
164 3.3274 0 0
165 3.3472 0 0
166 3.367 0 0
167 3.3868 0 0
168 3.4066 0 0
169 3.4264 0 0
170 3.4462 0 0
171 3.466 0 0
172 3.4858 0 0
173 3.5056 0 0
174 3.5254 0 0
175 3.5452 0 0
176 3.565 0 0
177 3.5848 0 0
178 3.6046 0 0
179 3.6244 0 0
180 3.6442 0 0
181 3.664 0 0
182 3.6838 0 0
183 3.7036 0 0
184 3.7234 0 0
185 3.7432 0 0
186 3.763 0 0
187 3.7828 0 0
188 3.8026 0 0
189 3.8224 0 0
190 3.8422 0 0
191 3.862 0 0
192 3.8818 0 0
193 3.9016 0 0
194 3.9214 0 0
195 3.9412 0 0
196 3.961 0 0
197 3.9808 0 0
198 4.0006 0 0
199 4.0204 0 0
200 4.0402 0 0
201 4.06 0 0
202 4.0798 0 0
203 4.0996 0 0
204 4.1194 0 0
205 4.1392 0 0
206 4.159 0 0
207 4.1788 0 0
208 4.1986 0 0
209 4.2184 0 0
210 4.2382 0 0
211 4.258 0 0
212 4.2778 0 0
213 4.2976 0 0
214 4.3174 0 0
215 4.3372 0 0
216 4.357 0 0
217 4.3768 0 0
218 4.3966 0 0
219 4.4164 0 0
220 4.4362 0 0
221 4.456 0 0
222 4.4758 0 0
223 4.4956 0 0
224 4.5154 0 0
225 4.5352 0 0
226 4.555 0 0
227 4.5748 0 0
228 4.5946 0 0
229 4.6144 0 0
230 4.6342 0 0
231 4.654 0 0
232 4.6738 0 0
233 4.6936 0 0
234 4.7134 0 0
235 4.7332 0 0
236 4.753 0 0
237 4.7728 0 0
238 4.7926 0 0
239 4.8124 0 0
240 4.8322 0 0
241 4.852 0 0
242 4.8718 0 0
243 4.8916 0 0
244 4.9114 0 0
245 4.9312 0 0
246 4.951 0 0
247 4.9708 0 0
248 4.9906 0 0
249 5.0104 0 0
250 5.0302 0 0
251 5.05 0 0
252 5.0698 0 0
253 5.0896 0 0
254 5.1094 0 0
255 5.1292 0 0
256 5.149 0 0
257 5.1688 0 0
258 5.1886 0 0
259 5.2084 0 0
260 5.2282 0 0
261 5.248 0 0
262 5.2678 0 0
263 5.2876 0 0
264 5.3074 0 0
265 5.3272 0 0
266 5.347 0 0
267 5.3668 0 0
268 5.3866 0 0
269 5.4064 0 0
270 5.4262 0 0
271 5.446 0 0
272 5.4658 0 0
273 5.4856 0 0
274 5.5054 0 0
275 5.5252 0 0
276 5.545 0 0
277 5.5648 0 0
278 5.5846 0 0
279 5.6044 0 0
280 5.6242 0 0
281 5.644 0 0
282 5.6638 0 0
283 5.6836 0 0
284 5.7034 0 0
285 5.7232 0 0
286 5.743 0 0
287 5.7628 0 0
288 5.7826 0 0
289 5.8024 0 0
290 5.8222 0 0
291 5.842 0 0
292 5.8618 0 0
293 5.8816 0 0
294 5.9014 0 0
295 5.9212 0 0
296 5.941 0 0
297 5.9608 0 0
298 5.9806 0 0
299 6.0004 0 0
300 6.0202 0 0
301 6.04 0 0
302 6.0598 0 0
303 6.0796 0 0
304 6.0994 0 0
305 6.1192 0 0
306 6.139 0 0
307 6.1588 0 0
308 6.1786 0 0
309 6.1984 0 0
310 6.2182 0 0
311 6.238 0 0
312 6.2578 0 0
313 6.2776 0 0
314 6.2974 0 0
315 6.3172 0 0
316 6.337 0 0
317 6.3568 0 0
318 6.3766 0 0
319 6.3964 0 0
320 6.4162 0 0
321 6.436 0 0
322 6.4558 0 0
323 6.4756 0 0
324 6.4954 0 0
325 6.5152 0 0
326 6.535 0 0
327 6.5548 0 0
328 6.5746 0 0
329 6.5944 0 0
330 6.6142 0 0
331 6.634 0 0
332 6.6538 0 0
333 6.6736 0 0
334 6.6934 0 0
335 6.7132 0 0
336 6.733 0 0
337 6.7528 0 0
338 6.7726 0 0
339 6.7924 0 0
340 6.8122 0 0
341 6.832 0 0
342 6.8518 0 0
343 6.8716 0 0
344 6.8914 0 0
345 6.9112 0 0
346 6.931 0 0
347 6.9508 0 0
348 6.9706 0 0
349 6.9904 0 0
350 7.0102 0 0
351 7.03 0 0
352 7.0498 0 0
353 7.0696 0 0
354 7.0894 0 0
355 7.1092 0 0
356 7.129 0 0
357 7.1488 0 0
358 7.1686 0 0
359 7.1884 0 0
360 7.2082 0 0
361 7.228 0 0
362 7.2478 0 0
363 7.2676 0 0
364 7.2874 0 0
365 7.3072 0 0
366 7.327 0 0
367 7.3468 0 0
368 7.3666 0 0
369 7.3864 0 0
370 7.4062 0 0
371 7.426 0 0
372 7.4458 0 0
373 7.4656 0 0
374 7.4854 0 0
375 7.5052 0 0
376 7.525 0 0
377 7.5448 0 0
378 7.5646 0 0
379 7.5844 0 0
380 7.6042 0 0
381 7.624 0 0
382 7.6438 0 0
383 7.6636 0 0
384 7.6834 0 0
385 7.7032 0 0
386 7.723 0 0
387 7.7428 0 0
388 7.7626 0 0
389 7.7824 0 0
390 7.8022 0 0
391 7.822 0 0
392 7.8418 0 0
393 7.8616 0 0
394 7.8814 0 0
395 7.9012 0 0
396 7.921 0 0
397 7.9408 0 0
398 7.9606 0 0
399 7.9804 0 0
400 8.0002 0 0
401 8.02 0 0
402 8.0398 0 0
403 8.0596 0 0
404 8.0794 0 0
405 8.0992 0 0
406 8.119 0 0
407 8.1388 0 0
408 8.1586 0 0
409 8.1784 0 0
410 8.1982 0 0
411 8.218 0 0
412 8.2378 0 0
413 8.2576 0 0
414 8.2774 0 0
415 8.2972 0 0
416 8.317 0 0
417 8.3368 0 0
418 8.3566 0 0
419 8.3764 0 0
420 8.3962 0 0
421 8.416 0 0
422 8.4358 0 0
423 8.4556 0 0
424 8.4754 0 0
425 8.4952 0 0
426 8.515 0 0
427 8.5348 0 0
428 8.5546 0 0
429 8.5744 0 0
430 8.5942 0 0
431 8.614 0 0
432 8.6338 0 0
433 8.6536 0 0
434 8.6734 0 0
435 8.6932 0 0
436 8.713 0 0
437 8.7328 0 0
438 8.7526 0 0
439 8.7724 0 0
440 8.7922 0 0
441 8.812 0 0
442 8.8318 0 0
443 8.8516 0 0
444 8.8714 0 0
445 8.8912 0 0
446 8.911 0 0
447 8.9308 0 0
448 8.9506 0 0
449 8.9704 0 0
450 8.9902 0 0
451 9.01 0 0
452 9.0298 0 0
453 9.0496 0 0
454 9.0694 0 0
455 9.0892 0 0
456 9.109 0 0
457 9.1288 0 0
458 9.1486 0 0
459 9.1684 0 0
460 9.1882 0 0
461 9.208 0 0
462 9.2278 0 0
463 9.2476 0 0
464 9.2674 0 0
465 9.2872 0 0
466 9.307 0 0
467 9.3268 0 0
468 9.3466 0 0
469 9.3664 0 0
470 9.3862 0 0
471 9.406 0 0
472 9.4258 0 0
473 9.4456 0 0
474 9.4654 0 0
475 9.4852 0 0
476 9.505 0 0
477 9.5248 0 0
478 9.5446 0 0
479 9.5644 0 0
480 9.5842 0 0
481 9.604 0 0
482 9.6238 0 0
483 9.6436 0 0
484 9.6634 0 0
485 9.6832 0 0
486 9.703 0 0
487 9.7228 0 0
488 9.7426 0 0
489 9.7624 0 0
490 9.7822 0 0
491 9.802 0 0
492 9.8218 0 0
493 9.8416 0 0
494 9.8614 0 0
495 9.8812 0 0
496 9.901 0 0
497 9.9208 0 0
498 9.9406 0 0
499 9.9604 0 0
500 9.9802 0 0
501 10 0 0
