# DATE: 2021-03-17 UNITS: lj Created by pair_write
# Pair potential gran/hooke for atom types 1 1: i,r,energy,force

ankit
N 501 R 0.1 10

1 0.1 0 90000
2 0.1198 0 88020
3 0.1396 0 86040
4 0.1594 0 84060
5 0.1792 0 82080
6 0.199 0 80100
7 0.2188 0 78120
8 0.2386 0 76140
9 0.2584 0 74160
10 0.2782 0 72180
11 0.298 0 70200
12 0.3178 0 68220
13 0.3376 0 66240
14 0.3574 0 64260
15 0.3772 0 62280
16 0.397 0 60300
17 0.4168 0 58320
18 0.4366 0 56340
19 0.4564 0 54360
20 0.4762 0 52380
21 0.496 0 50400
22 0.5158 0 48420
23 0.5356 0 46440
24 0.5554 0 44460
25 0.5752 0 42480
26 0.595 0 40500
27 0.6148 0 38520
28 0.6346 0 36540
29 0.6544 0 34560
30 0.6742 0 32580
31 0.694 0 30600
32 0.7138 0 28620
33 0.7336 0 26640
34 0.7534 0 24660
35 0.7732 0 22680
36 0.793 0 20700
37 0.8128 0 18720
38 0.8326 0 16740
39 0.8524 0 14760
40 0.8722 0 12780
41 0.892 0 10800
42 0.9118 0 8819.99999999999
43 0.9316 0 6840
44 0.9514 0 4860.00000000001
45 0.9712 0 2879.99999999999
46 0.991 0 900.000000000001
47 1.0108 0 0
48 1.0306 0 0
49 1.0504 0 0
50 1.0702 0 0
51 1.09 0 0
52 1.1098 0 0
53 1.1296 0 0
54 1.1494 0 0
55 1.1692 0 0
56 1.189 0 0
57 1.2088 0 0
58 1.2286 0 0
59 1.2484 0 0
60 1.2682 0 0
61 1.288 0 0
62 1.3078 0 0
63 1.3276 0 0
64 1.3474 0 0
65 1.3672 0 0
66 1.387 0 0
67 1.4068 0 0
68 1.4266 0 0
69 1.4464 0 0
70 1.4662 0 0
71 1.486 0 0
72 1.5058 0 0
73 1.5256 0 0
74 1.5454 0 0
75 1.5652 0 0
76 1.585 0 0
77 1.6048 0 0
78 1.6246 0 0
79 1.6444 0 0
80 1.6642 0 0
81 1.684 0 0
82 1.7038 0 0
83 1.7236 0 0
84 1.7434 0 0
85 1.7632 0 0
86 1.783 0 0
87 1.8028 0 0
88 1.8226 0 0
89 1.8424 0 0
90 1.8622 0 0
91 1.882 0 0
92 1.9018 0 0
93 1.9216 0 0
94 1.9414 0 0
95 1.9612 0 0
96 1.981 0 0
97 2.0008 0 0
98 2.0206 0 0
99 2.0404 0 0
100 2.0602 0 0
101 2.08 0 0
102 2.0998 0 0
103 2.1196 0 0
104 2.1394 0 0
105 2.1592 0 0
106 2.179 0 0
107 2.1988 0 0
108 2.2186 0 0
109 2.2384 0 0
110 2.2582 0 0
111 2.278 0 0
112 2.2978 0 0
113 2.3176 0 0
114 2.3374 0 0
115 2.3572 0 0
116 2.377 0 0
117 2.3968 0 0
118 2.4166 0 0
119 2.4364 0 0
120 2.4562 0 0
121 2.476 0 0
122 2.4958 0 0
123 2.5156 0 0
124 2.5354 0 0
125 2.5552 0 0
126 2.575 0 0
127 2.5948 0 0
128 2.6146 0 0
129 2.6344 0 0
130 2.6542 0 0
131 2.674 0 0
132 2.6938 0 0
133 2.7136 0 0
134 2.7334 0 0
135 2.7532 0 0
136 2.773 0 0
137 2.7928 0 0
138 2.8126 0 0
139 2.8324 0 0
140 2.8522 0 0
141 2.872 0 0
142 2.8918 0 0
143 2.9116 0 0
144 2.9314 0 0
145 2.9512 0 0
146 2.971 0 0
147 2.9908 0 0
148 3.0106 0 0
149 3.0304 0 0
150 3.0502 0 0
151 3.07 0 0
152 3.0898 0 0
153 3.1096 0 0
154 3.1294 0 0
155 3.1492 0 0
156 3.169 0 0
157 3.1888 0 0
158 3.2086 0 0
159 3.2284 0 0
160 3.2482 0 0
161 3.268 0 0
162 3.2878 0 0
163 3.3076 0 0
164 3.3274 0 0
165 3.3472 0 0
166 3.367 0 0
167 3.3868 0 0
168 3.4066 0 0
169 3.4264 0 0
170 3.4462 0 0
171 3.466 0 0
172 3.4858 0 0
173 3.5056 0 0
174 3.5254 0 0
175 3.5452 0 0
176 3.565 0 0
177 3.5848 0 0
178 3.6046 0 0
179 3.6244 0 0
180 3.6442 0 0
181 3.664 0 0
182 3.6838 0 0
183 3.7036 0 0
184 3.7234 0 0
185 3.7432 0 0
186 3.763 0 0
187 3.7828 0 0
188 3.8026 0 0
189 3.8224 0 0
190 3.8422 0 0
191 3.862 0 0
192 3.8818 0 0
193 3.9016 0 0
194 3.9214 0 0
195 3.9412 0 0
196 3.961 0 0
197 3.9808 0 0
198 4.0006 0 0
199 4.0204 0 0
200 4.0402 0 0
201 4.06 0 0
202 4.0798 0 0
203 4.0996 0 0
204 4.1194 0 0
205 4.1392 0 0
206 4.159 0 0
207 4.1788 0 0
208 4.1986 0 0
209 4.2184 0 0
210 4.2382 0 0
211 4.258 0 0
212 4.2778 0 0
213 4.2976 0 0
214 4.3174 0 0
215 4.3372 0 0
216 4.357 0 0
217 4.3768 0 0
218 4.3966 0 0
219 4.4164 0 0
220 4.4362 0 0
221 4.456 0 0
222 4.4758 0 0
223 4.4956 0 0
224 4.5154 0 0
225 4.5352 0 0
226 4.555 0 0
227 4.5748 0 0
228 4.5946 0 0
229 4.6144 0 0
230 4.6342 0 0
231 4.654 0 0
232 4.6738 0 0
233 4.6936 0 0
234 4.7134 0 0
235 4.7332 0 0
236 4.753 0 0
237 4.7728 0 0
238 4.7926 0 0
239 4.8124 0 0
240 4.8322 0 0
241 4.852 0 0
242 4.8718 0 0
243 4.8916 0 0
244 4.9114 0 0
245 4.9312 0 0
246 4.951 0 0
247 4.9708 0 0
248 4.9906 0 0
249 5.0104 0 0
250 5.0302 0 0
251 5.05 0 0
252 5.0698 0 0
253 5.0896 0 0
254 5.1094 0 0
255 5.1292 0 0
256 5.149 0 0
257 5.1688 0 0
258 5.1886 0 0
259 5.2084 0 0
260 5.2282 0 0
261 5.248 0 0
262 5.2678 0 0
263 5.2876 0 0
264 5.3074 0 0
265 5.3272 0 0
266 5.347 0 0
267 5.3668 0 0
268 5.3866 0 0
269 5.4064 0 0
270 5.4262 0 0
271 5.446 0 0
272 5.4658 0 0
273 5.4856 0 0
274 5.5054 0 0
275 5.5252 0 0
276 5.545 0 0
277 5.5648 0 0
278 5.5846 0 0
279 5.6044 0 0
280 5.6242 0 0
281 5.644 0 0
282 5.6638 0 0
283 5.6836 0 0
284 5.7034 0 0
285 5.7232 0 0
286 5.743 0 0
287 5.7628 0 0
288 5.7826 0 0
289 5.8024 0 0
290 5.8222 0 0
291 5.842 0 0
292 5.8618 0 0
293 5.8816 0 0
294 5.9014 0 0
295 5.9212 0 0
296 5.941 0 0
297 5.9608 0 0
298 5.9806 0 0
299 6.0004 0 0
300 6.0202 0 0
301 6.04 0 0
302 6.0598 0 0
303 6.0796 0 0
304 6.0994 0 0
305 6.1192 0 0
306 6.139 0 0
307 6.1588 0 0
308 6.1786 0 0
309 6.1984 0 0
310 6.2182 0 0
311 6.238 0 0
312 6.2578 0 0
313 6.2776 0 0
314 6.2974 0 0
315 6.3172 0 0
316 6.337 0 0
317 6.3568 0 0
318 6.3766 0 0
319 6.3964 0 0
320 6.4162 0 0
321 6.436 0 0
322 6.4558 0 0
323 6.4756 0 0
324 6.4954 0 0
325 6.5152 0 0
326 6.535 0 0
327 6.5548 0 0
328 6.5746 0 0
329 6.5944 0 0
330 6.6142 0 0
331 6.634 0 0
332 6.6538 0 0
333 6.6736 0 0
334 6.6934 0 0
335 6.7132 0 0
336 6.733 0 0
337 6.7528 0 0
338 6.7726 0 0
339 6.7924 0 0
340 6.8122 0 0
341 6.832 0 0
342 6.8518 0 0
343 6.8716 0 0
344 6.8914 0 0
345 6.9112 0 0
346 6.931 0 0
347 6.9508 0 0
348 6.9706 0 0
349 6.9904 0 0
350 7.0102 0 0
351 7.03 0 0
352 7.0498 0 0
353 7.0696 0 0
354 7.0894 0 0
355 7.1092 0 0
356 7.129 0 0
357 7.1488 0 0
358 7.1686 0 0
359 7.1884 0 0
360 7.2082 0 0
361 7.228 0 0
362 7.2478 0 0
363 7.2676 0 0
364 7.2874 0 0
365 7.3072 0 0
366 7.327 0 0
367 7.3468 0 0
368 7.3666 0 0
369 7.3864 0 0
370 7.4062 0 0
371 7.426 0 0
372 7.4458 0 0
373 7.4656 0 0
374 7.4854 0 0
375 7.5052 0 0
376 7.525 0 0
377 7.5448 0 0
378 7.5646 0 0
379 7.5844 0 0
380 7.6042 0 0
381 7.624 0 0
382 7.6438 0 0
383 7.6636 0 0
384 7.6834 0 0
385 7.7032 0 0
386 7.723 0 0
387 7.7428 0 0
388 7.7626 0 0
389 7.7824 0 0
390 7.8022 0 0
391 7.822 0 0
392 7.8418 0 0
393 7.8616 0 0
394 7.8814 0 0
395 7.9012 0 0
396 7.921 0 0
397 7.9408 0 0
398 7.9606 0 0
399 7.9804 0 0
400 8.0002 0 0
401 8.02 0 0
402 8.0398 0 0
403 8.0596 0 0
404 8.0794 0 0
405 8.0992 0 0
406 8.119 0 0
407 8.1388 0 0
408 8.1586 0 0
409 8.1784 0 0
410 8.1982 0 0
411 8.218 0 0
412 8.2378 0 0
413 8.2576 0 0
414 8.2774 0 0
415 8.2972 0 0
416 8.317 0 0
417 8.3368 0 0
418 8.3566 0 0
419 8.3764 0 0
420 8.3962 0 0
421 8.416 0 0
422 8.4358 0 0
423 8.4556 0 0
424 8.4754 0 0
425 8.4952 0 0
426 8.515 0 0
427 8.5348 0 0
428 8.5546 0 0
429 8.5744 0 0
430 8.5942 0 0
431 8.614 0 0
432 8.6338 0 0
433 8.6536 0 0
434 8.6734 0 0
435 8.6932 0 0
436 8.713 0 0
437 8.7328 0 0
438 8.7526 0 0
439 8.7724 0 0
440 8.7922 0 0
441 8.812 0 0
442 8.8318 0 0
443 8.8516 0 0
444 8.8714 0 0
445 8.8912 0 0
446 8.911 0 0
447 8.9308 0 0
448 8.9506 0 0
449 8.9704 0 0
450 8.9902 0 0
451 9.01 0 0
452 9.0298 0 0
453 9.0496 0 0
454 9.0694 0 0
455 9.0892 0 0
456 9.109 0 0
457 9.1288 0 0
458 9.1486 0 0
459 9.1684 0 0
460 9.1882 0 0
461 9.208 0 0
462 9.2278 0 0
463 9.2476 0 0
464 9.2674 0 0
465 9.2872 0 0
466 9.307 0 0
467 9.3268 0 0
468 9.3466 0 0
469 9.3664 0 0
470 9.3862 0 0
471 9.406 0 0
472 9.4258 0 0
473 9.4456 0 0
474 9.4654 0 0
475 9.4852 0 0
476 9.505 0 0
477 9.5248 0 0
478 9.5446 0 0
479 9.5644 0 0
480 9.5842 0 0
481 9.604 0 0
482 9.6238 0 0
483 9.6436 0 0
484 9.6634 0 0
485 9.6832 0 0
486 9.703 0 0
487 9.7228 0 0
488 9.7426 0 0
489 9.7624 0 0
490 9.7822 0 0
491 9.802 0 0
492 9.8218 0 0
493 9.8416 0 0
494 9.8614 0 0
495 9.8812 0 0
496 9.901 0 0
497 9.9208 0 0
498 9.9406 0 0
499 9.9604 0 0
500 9.9802 0 0
501 10 0 0
