# DATE: 2021-03-30 UNITS: lj Created by pair_write
# Pair potential lj/cut for atom types 1 1: i,r,energy,force

ankit
N 150 R 0.5 1.99

1 0.5 16128 390144
2 0.51 12691.3515148902 301294.396513177
3 0.52 10031.0775417329 233820.872331377
4 0.53 7961.87615449302 182311.949517041
5 0.54 6344.98839717385 142792.224653664
6 0.55 5075.94199127272 112324.247003337
7 0.56 4075.66715579586 88725.3415565691
8 0.57 3284.01817801698 70364.9106551693
9 0.58 2655.02202572462 56018.4545032148
10 0.59 2153.37422714279 44761.8196099855
11 0.6 1751.84074996096 35894.1538195209
12 0.61 1429.32166768312 28881.467437058
13 0.62 1169.40083865225 23315.0701977299
14 0.63 959.254371002174 18880.8065217971
15 0.64 788.825286340833 15336.1709399544
16 0.65 650.196649911924 12493.203783215
17 0.66 537.113366266801 10205.6479441995
18 0.67 444.615843917621 8359.26195011404
19 0.68 368.75821183302 6864.4819391197
20 0.69 306.390714614503 5650.83958552415
21 0.7 254.99102422678 4662.69846396699
22 0.71 212.532985520706 3855.98456475375
23 0.72 177.384120016334 3195.66953047942
24 0.73 148.225306660477 2653.8260993496
25 0.74 123.987627239787 2208.12022357191
26 0.75 103.802544402859 1840.6376926131
27 0.76 86.9624716661237 1536.96793745607
28 0.77 72.8894706542142 1285.48627219954
29 0.78 61.1103252099078 1076.78977889214
30 0.79 51.23663492533 903.252554917342
31 0.8 42.9488718509674 758.67399573326
32 0.81 35.9835758416587 637.999824660786
33 0.82 30.1230428399842 537.100182928644
34 0.83 25.186998892416 452.592611615155
35 0.84 21.025860288742 381.700456499657
36 0.85 17.5152640663382 322.139304644752
37 0.86 14.5516186670407 272.025666034601
38 0.87 12.0484759240534 229.803356489672
39 0.88 9.93356596389433 194.184003802907
40 0.89 8.14636847064526 164.098851643657
41 0.9 6.63611895325291 138.659623994277
42 0.91 5.36016863079894 117.126673930439
43 0.92 4.28263242845581 98.8830029271117
44 0.93 3.37327223080273 83.4130224582964
45 0.94 2.60657264916326 70.2851553262426
46 0.95 1.96097465688761 59.1375529375229
47 0.96 1.41823894726767 49.666346738496
48 0.97 0.962916100028078 41.6159650792265
49 0.98 0.581904861630453 34.7711370081059
50 0.99 0.264083255327675 28.9502766868821
51 1 0 0
52 1.01 0 0
53 1.02 0 0
54 1.03 0 0
55 1.04 0 0
56 1.05 0 0
57 1.06 0 0
58 1.07 0 0
59 1.08 0 0
60 1.09 0 0
61 1.1 0 0
62 1.11 0 0
63 1.12 0 0
64 1.13 0 0
65 1.14 0 0
66 1.15 0 0
67 1.16 0 0
68 1.17 0 0
69 1.18 0 0
70 1.19 0 0
71 1.2 0 0
72 1.21 0 0
73 1.22 0 0
74 1.23 0 0
75 1.24 0 0
76 1.25 0 0
77 1.26 0 0
78 1.27 0 0
79 1.28 0 0
80 1.29 0 0
81 1.3 0 0
82 1.31 0 0
83 1.32 0 0
84 1.33 0 0
85 1.34 0 0
86 1.35 0 0
87 1.36 0 0
88 1.37 0 0
89 1.38 0 0
90 1.39 0 0
91 1.4 0 0
92 1.41 0 0
93 1.42 0 0
94 1.43 0 0
95 1.44 0 0
96 1.45 0 0
97 1.46 0 0
98 1.47 0 0
99 1.48 0 0
100 1.49 0 0
101 1.5 0 0
102 1.51 0 0
103 1.52 0 0
104 1.53 0 0
105 1.54 0 0
106 1.55 0 0
107 1.56 0 0
108 1.57 0 0
109 1.58 0 0
110 1.59 0 0
111 1.6 0 0
112 1.61 0 0
113 1.62 0 0
114 1.63 0 0
115 1.64 0 0
116 1.65 0 0
117 1.66 0 0
118 1.67 0 0
119 1.68 0 0
120 1.69 0 0
121 1.7 0 0
122 1.71 0 0
123 1.72 0 0
124 1.73 0 0
125 1.74 0 0
126 1.75 0 0
127 1.76 0 0
128 1.77 0 0
129 1.78 0 0
130 1.79 0 0
131 1.8 0 0
132 1.81 0 0
133 1.82 0 0
134 1.83 0 0
135 1.84 0 0
136 1.85 0 0
137 1.86 0 0
138 1.87 0 0
139 1.88 0 0
140 1.89 0 0
141 1.9 0 0
142 1.91 0 0
143 1.92 0 0
144 1.93 0 0
145 1.94 0 0
146 1.95 0 0
147 1.96 0 0
148 1.97 0 0
149 1.98 0 0
150 1.99 0 0
